
nodes = 1 12 123 234 345 456 501, m = 9

node = 1
    (0,12) (1,12) (2,12) (3,12) 
    (4,123) (5,123) (6,123) 
    (7,234) 
    (8,345) 

node = 12
    (0,123) (1,123) (2,123) (3,123) (4,123) (5,123) (6,123)
    (7,234)
    (8,345) 

node = 123
    (0,234) (1,234) (2,234) (3,234) (4,234) (5,234) (6,234)
    (7,345)
    (8,456) 

node = 234
    (0,345) (1,345) (2,345) (3,345) (4,345) (5,345) (6,345)
    (7,456)
    (8,501) 

node = 345
    (0,456) (1,456) (2,456) (3,456) (4,456) (5,456) (6,456)
    (7,501)
    (8,123) 

node = 456 
    (0,501) (1,501) (2,501) (3,501) (4,501) (5,501)
    (6,12)
    (7,123)
    (8,234) 

node = 501
    (0,1) (1,1) (2,1) (3,1)
    (4,12)
    (5,123) (6,123) (7,123)
    (8,345) 
